
#################################################################
# Summary Statistics
#################################################################
  
DIC = 978.2334

                  Mean    SD  2.5%    5%   25%   50%   75%   95% 97.5%
p.id 1.Bacill    0.494 0.037 0.422 0.435 0.469 0.494 0.518 0.558 0.571
p.id 2.Bacill    0.386 0.044 0.298 0.311 0.357 0.386 0.416 0.458 0.471
p.id 3.Bacill    0.263 0.031 0.207 0.214 0.241 0.262 0.283 0.315 0.325
p.id 4.Bacill    0.316 0.052 0.214 0.230 0.283 0.316 0.350 0.400 0.416
p.id 5.Bacill    0.405 0.053 0.297 0.317 0.371 0.406 0.442 0.490 0.509
p.id 6.Bacill    0.619 0.053 0.521 0.538 0.582 0.617 0.654 0.710 0.728
p.id 7.Bacill    0.140 0.042 0.069 0.079 0.109 0.136 0.168 0.213 0.229
p.id 8.Bacill    0.613 0.080 0.445 0.487 0.566 0.609 0.663 0.753 0.779
p.id 9.Bacill    0.543 0.088 0.345 0.379 0.491 0.552 0.605 0.670 0.694
p.id 10.Bacill   0.551 0.174 0.255 0.281 0.391 0.577 0.700 0.805 0.831
p.id 11.Bacill   0.551 0.061 0.430 0.451 0.512 0.552 0.592 0.652 0.673
p.id 12.Bacill   0.642 0.052 0.534 0.553 0.609 0.646 0.679 0.721 0.733
p.id 13.Bacill   0.319 0.039 0.245 0.256 0.292 0.317 0.343 0.384 0.396
p.id 14.Bacill   0.394 0.092 0.224 0.248 0.325 0.393 0.460 0.548 0.573
p.id 1.Bacteria  0.022 0.005 0.012 0.014 0.018 0.022 0.025 0.031 0.032
p.id 2.Bacteria  0.016 0.013 0.001 0.001 0.005 0.012 0.023 0.041 0.047
p.id 3.Bacteria  0.025 0.012 0.004 0.007 0.016 0.024 0.032 0.045 0.049
p.id 4.Bacteria  0.006 0.006 0.001 0.001 0.002 0.005 0.009 0.018 0.022
p.id 5.Bacteria  0.008 0.007 0.001 0.001 0.003 0.005 0.010 0.022 0.026
p.id 6.Bacteria  0.016 0.009 0.001 0.002 0.008 0.016 0.023 0.031 0.033
p.id 7.Bacteria  0.006 0.006 0.000 0.001 0.002 0.004 0.008 0.019 0.024
p.id 8.Bacteria  0.018 0.011 0.001 0.002 0.008 0.018 0.028 0.035 0.036
p.id 9.Bacteria  0.025 0.008 0.005 0.008 0.021 0.027 0.030 0.034 0.035
p.id 10.Bacteria 0.024 0.009 0.002 0.004 0.021 0.027 0.029 0.032 0.033
p.id 11.Bacteria 0.015 0.008 0.001 0.002 0.008 0.014 0.021 0.028 0.030
p.id 12.Bacteria 0.033 0.004 0.025 0.027 0.031 0.034 0.036 0.039 0.040
p.id 13.Bacteria 0.017 0.010 0.002 0.004 0.010 0.016 0.024 0.036 0.039
p.id 14.Bacteria 0.029 0.004 0.022 0.023 0.028 0.030 0.032 0.034 0.035
p.id 1.Chl+Cya   0.216 0.037 0.143 0.154 0.192 0.217 0.241 0.280 0.291
p.id 2.Chl+Cya   0.495 0.056 0.381 0.401 0.458 0.495 0.534 0.587 0.603
p.id 3.Chl+Cya   0.368 0.037 0.299 0.308 0.343 0.367 0.393 0.430 0.442
p.id 4.Chl+Cya   0.590 0.060 0.465 0.489 0.555 0.594 0.630 0.683 0.699
p.id 5.Chl+Cya   0.521 0.053 0.415 0.430 0.487 0.523 0.557 0.603 0.622
p.id 6.Chl+Cya   0.236 0.086 0.038 0.069 0.186 0.246 0.297 0.360 0.379
p.id 7.Chl+Cya   0.802 0.051 0.695 0.715 0.769 0.804 0.838 0.882 0.895
p.id 8.Chl+Cya   0.233 0.120 0.008 0.016 0.147 0.259 0.325 0.397 0.416
p.id 9.Chl+Cya   0.121 0.085 0.006 0.009 0.044 0.113 0.182 0.273 0.295
p.id 10.Chl+Cya  0.094 0.106 0.003 0.004 0.014 0.039 0.162 0.311 0.344
p.id 11.Chl+Cya  0.223 0.074 0.044 0.078 0.180 0.233 0.275 0.328 0.344
p.id 12.Chl+Cya  0.057 0.035 0.013 0.016 0.030 0.048 0.074 0.126 0.145
p.id 13.Chl+Cya  0.399 0.057 0.284 0.305 0.361 0.401 0.438 0.490 0.507
p.id 14.Chl+Cya  0.051 0.038 0.009 0.011 0.023 0.040 0.067 0.128 0.157
p.id 1.Chryso    0.010 0.008 0.001 0.001 0.004 0.008 0.014 0.026 0.031
p.id 2.Chryso    0.007 0.012 0.000 0.000 0.001 0.003 0.008 0.029 0.040
p.id 3.Chryso    0.012 0.013 0.000 0.001 0.003 0.007 0.017 0.039 0.051
p.id 4.Chryso    0.006 0.010 0.000 0.000 0.001 0.002 0.006 0.023 0.032
p.id 5.Chryso    0.005 0.010 0.000 0.000 0.001 0.002 0.006 0.022 0.032
p.id 6.Chryso    0.007 0.011 0.000 0.000 0.001 0.003 0.007 0.028 0.039
p.id 7.Chryso    0.005 0.010 0.000 0.000 0.001 0.002 0.005 0.020 0.031
p.id 8.Chryso    0.006 0.009 0.000 0.000 0.001 0.003 0.007 0.021 0.029
p.id 9.Chryso    0.008 0.013 0.000 0.000 0.001 0.003 0.009 0.035 0.049
p.id 10.Chryso   0.005 0.008 0.000 0.000 0.001 0.002 0.006 0.019 0.029
p.id 11.Chryso   0.007 0.011 0.000 0.000 0.001 0.003 0.008 0.027 0.039
p.id 12.Chryso   0.009 0.010 0.000 0.000 0.002 0.005 0.012 0.028 0.037
p.id 13.Chryso   0.018 0.023 0.000 0.001 0.003 0.009 0.023 0.072 0.087
p.id 14.Chryso   0.008 0.010 0.000 0.000 0.002 0.005 0.010 0.028 0.037
p.id 1.Crypto    0.225 0.033 0.164 0.173 0.202 0.223 0.246 0.279 0.292
p.id 2.Crypto    0.091 0.045 0.017 0.024 0.059 0.087 0.118 0.171 0.190
p.id 3.Crypto    0.126 0.026 0.077 0.084 0.107 0.125 0.143 0.171 0.181
p.id 4.Crypto    0.077 0.065 0.007 0.010 0.031 0.060 0.106 0.197 0.243
p.id 5.Crypto    0.055 0.044 0.007 0.009 0.024 0.044 0.074 0.137 0.171
p.id 6.Crypto    0.117 0.060 0.031 0.043 0.075 0.105 0.143 0.235 0.272
p.id 7.Crypto    0.043 0.037 0.004 0.006 0.017 0.032 0.059 0.114 0.141
p.id 8.Crypto    0.125 0.110 0.016 0.025 0.061 0.089 0.138 0.415 0.473
p.id 9.Crypto    0.296 0.128 0.103 0.122 0.195 0.278 0.382 0.534 0.577
p.id 10.Crypto   0.321 0.234 0.025 0.036 0.090 0.294 0.544 0.664 0.692
p.id 11.Crypto   0.197 0.067 0.099 0.108 0.151 0.186 0.231 0.325 0.363
p.id 12.Crypto   0.233 0.054 0.144 0.155 0.195 0.228 0.265 0.333 0.355
p.id 13.Crypto   0.207 0.051 0.118 0.131 0.171 0.204 0.239 0.297 0.316
p.id 14.Crypto   0.499 0.104 0.295 0.325 0.425 0.500 0.577 0.669 0.693
p.id 1.Dino      0.023 0.002 0.019 0.020 0.022 0.023 0.025 0.027 0.028
p.id 2.Dino      0.000 0.000 0.000 0.000 0.000 0.000 0.001 0.001 0.001
p.id 3.Dino      0.199 0.021 0.164 0.168 0.184 0.197 0.212 0.236 0.244
p.id 4.Dino      0.000 0.000 0.000 0.000 0.000 0.000 0.001 0.001 0.001
p.id 5.Dino      0.000 0.000 0.000 0.000 0.000 0.000 0.001 0.001 0.001
p.id 6.Dino      0.000 0.000 0.000 0.000 0.000 0.000 0.001 0.001 0.001
p.id 7.Dino      0.000 0.000 0.000 0.000 0.000 0.000 0.001 0.001 0.001
p.id 8.Dino      0.000 0.000 0.000 0.000 0.000 0.000 0.001 0.001 0.001
p.id 9.Dino      0.000 0.000 0.000 0.000 0.000 0.000 0.001 0.001 0.001
p.id 10.Dino     0.000 0.000 0.000 0.000 0.000 0.000 0.001 0.001 0.001
p.id 11.Dino     0.000 0.000 0.000 0.000 0.000 0.000 0.001 0.001 0.001
p.id 12.Dino     0.018 0.003 0.013 0.014 0.015 0.017 0.019 0.024 0.026
p.id 13.Dino     0.024 0.005 0.017 0.018 0.021 0.024 0.027 0.033 0.035
p.id 14.Dino     0.010 0.002 0.007 0.008 0.009 0.010 0.011 0.014 0.015
p.id 1.t-POM     0.009 0.008 0.000 0.000 0.002 0.006 0.013 0.025 0.029
p.id 2.t-POM     0.006 0.012 0.000 0.000 0.001 0.002 0.006 0.024 0.035
p.id 3.t-POM     0.008 0.009 0.000 0.000 0.002 0.005 0.010 0.026 0.033
p.id 4.t-POM     0.004 0.008 0.000 0.000 0.000 0.001 0.004 0.019 0.026
p.id 5.t-POM     0.005 0.010 0.000 0.000 0.000 0.001 0.004 0.019 0.029
p.id 6.t-POM     0.005 0.009 0.000 0.000 0.001 0.002 0.005 0.019 0.027
p.id 7.t-POM     0.003 0.007 0.000 0.000 0.000 0.001 0.003 0.014 0.022
p.id 8.t-POM     0.004 0.007 0.000 0.000 0.001 0.002 0.005 0.017 0.024
p.id 9.t-POM     0.007 0.013 0.000 0.000 0.001 0.002 0.007 0.027 0.042
p.id 10.t-POM    0.004 0.007 0.000 0.000 0.001 0.002 0.005 0.017 0.025
p.id 11.t-POM    0.006 0.012 0.000 0.000 0.001 0.002 0.006 0.026 0.041
p.id 12.t-POM    0.008 0.011 0.000 0.000 0.001 0.004 0.010 0.029 0.040
p.id 13.t-POM    0.015 0.023 0.000 0.000 0.002 0.006 0.017 0.061 0.086
p.id 14.t-POM    0.008 0.012 0.000 0.000 0.001 0.004 0.010 0.032 0.045
