
#################################################################
# Summary Statistics
#################################################################
  
DIC = 645.1107

                        Mean    SD  2.5%    5%   25%   50%   75%   95% 97.5%
p.Group 1.Enteromorpha 0.093 0.079 0.004 0.007 0.030 0.072 0.140 0.241 0.298
p.Group 2.Enteromorpha 0.196 0.222 0.003 0.005 0.025 0.092 0.299 0.686 0.735
p.Group 3.Enteromorpha 0.115 0.131 0.002 0.004 0.024 0.066 0.157 0.417 0.503
p.Group 4.Enteromorpha 0.134 0.134 0.002 0.004 0.025 0.086 0.211 0.414 0.457
p.Group 5.Enteromorpha 0.198 0.227 0.002 0.004 0.028 0.098 0.293 0.725 0.778
p.Group 6.Enteromorpha 0.143 0.161 0.002 0.004 0.023 0.073 0.211 0.504 0.571
p.Group 7.Enteromorpha 0.056 0.054 0.001 0.003 0.014 0.039 0.082 0.167 0.198
p.Group 8.Enteromorpha 0.025 0.023 0.001 0.002 0.007 0.017 0.035 0.071 0.086
p.Group 1.Grass        0.120 0.019 0.085 0.090 0.106 0.119 0.132 0.151 0.158
p.Group 2.Grass        0.201 0.031 0.131 0.139 0.185 0.208 0.223 0.242 0.247
p.Group 3.Grass        0.429 0.027 0.360 0.377 0.417 0.434 0.447 0.463 0.468
p.Group 4.Grass        0.130 0.027 0.076 0.085 0.113 0.131 0.148 0.174 0.183
p.Group 5.Grass        0.154 0.028 0.089 0.097 0.141 0.161 0.174 0.189 0.193
p.Group 6.Grass        0.386 0.033 0.309 0.322 0.369 0.391 0.409 0.432 0.439
p.Group 7.Grass        0.770 0.030 0.708 0.720 0.751 0.771 0.790 0.817 0.826
p.Group 8.Grass        0.874 0.023 0.827 0.835 0.859 0.876 0.890 0.910 0.916
p.Group 1.U.lactuca    0.214 0.070 0.072 0.091 0.170 0.216 0.263 0.328 0.347
p.Group 2.U.lactuca    0.445 0.171 0.039 0.067 0.358 0.512 0.570 0.623 0.639
p.Group 3.U.lactuca    0.394 0.101 0.090 0.172 0.361 0.423 0.461 0.499 0.510
p.Group 4.U.lactuca    0.241 0.110 0.033 0.051 0.161 0.249 0.322 0.412 0.441
p.Group 5.U.lactuca    0.511 0.180 0.051 0.096 0.437 0.580 0.640 0.690 0.706
p.Group 6.U.lactuca    0.388 0.128 0.062 0.104 0.328 0.428 0.480 0.529 0.543
p.Group 7.U.lactuca    0.109 0.051 0.019 0.027 0.069 0.110 0.146 0.192 0.206
p.Group 8.U.lactuca    0.032 0.021 0.005 0.007 0.016 0.027 0.043 0.073 0.084
p.Group 1.Zostera      0.573 0.068 0.423 0.453 0.531 0.577 0.621 0.678 0.692
p.Group 2.Zostera      0.158 0.044 0.072 0.085 0.130 0.158 0.188 0.229 0.241
p.Group 3.Zostera      0.062 0.024 0.020 0.025 0.044 0.061 0.078 0.102 0.111
p.Group 4.Zostera      0.495 0.083 0.341 0.364 0.438 0.493 0.549 0.635 0.668
p.Group 5.Zostera      0.137 0.039 0.061 0.072 0.110 0.137 0.163 0.202 0.215
p.Group 6.Zostera      0.083 0.033 0.025 0.032 0.060 0.081 0.105 0.140 0.152
p.Group 7.Zostera      0.065 0.027 0.021 0.025 0.044 0.062 0.083 0.114 0.122
p.Group 8.Zostera      0.069 0.021 0.029 0.034 0.055 0.070 0.084 0.102 0.109
